01,00001,5,2015-01-31
02,00009,1,2015-10-25
03,00039,4,2014-05-13
04,00004,4,2016-03-23
05,00007,2,2015-11-09
06,00008,4,2015-01-31
07,00009,1,2014-01-06
08,00001,5,2014-01-18
09,00005,4,2015-10-04
01,00005,4,2015-03-07
02,00022,5,2014-04-13
04,00001,3,2016-02-18
05,00028,3,2014-01-07
06,00017,5,2014-05-19
07,00004,4,2013-09-26
08,00003,3,2015-05-04
03,00018,3,2014-01-07
05,00029,1,2014-12-09
01,00006,4,2014-04-19
06,00019,5,2014-01-33
08,00005,3,2015-03-15
09,00036,3,2015-01-08
05,00031,5,2016-01-22
03,00011,2,2015-03-17
05,00004,3,2015-03-03
07,00010,2,2015-01-03
09,00039,2,2014-03-08
01,00009,2,2014-01-13
04,00027,4,2014-04-05
02,00027,4,2014-06-18
01,00015,3,2014-11-30
06,00021,3,2016-04-27
03,00010,1,2015-11-30
08,00016,1,2015-05-07
08,00024,4,2015-02-12
04,00030,2,2014-03-03
03,00006,4,2013-10-20
05,00034,4,2015-07-13
02,00032,2,2016-03-19
02,00034,3,2014-08-30
08,00031,3,2014-01-07
06,00023,1,2013-09-30
12,00001,2,2015-10-14
11,00003,4,2015-05-08
10,00003,2,2014-01-02
10,00005,1,2014-06-13
11,00019,4,2014-08-17
12,00015,3,2014-10-04
12,00020,2,2015-01-17
12,00025,4,2014-09-08
13,00050,5,2016-02-02
01,00022,1,2016-03-05
02,00037,3,2014-08-05
03,00005,5,2015-06-07
04,00026,1,2016-04-09
05,00037,4,2014-07-12
06,00025,2,2014-01-07
07,00011,3,2014-08-31
08,00033,5,2014-10-04
09,00041,4,2014-01-17
01,00043,1,2014-05-02
02,00006,4,2016-01-10
04,00049,3,2013-10-31
05,00039,1,2013-11-14
06,00027,3,2013-12-10
07,00013,3,2016-03-15
08,00037,5,2015-01-17
03,00003,4,2015-11-02
05,00048,3,2014-05-03
01,00047,5,2015-05-30
06,00033,5,2016-04-18
08,00040,5,2016-03-24
09,00047,3,2015-05-31
05,00050,4,2015-06-04
03,00032,1,2014-01-08
05,00043,2,2016-01-29
07,00014,5,2015-07-07
09,00049,4,2016-03-30
01,00034,4,2016-02-24
04,00005,2,2016-04-30
02,00040,5,2014-04-15
01,00050,3,2014-03-02
06,00035,4,2014-02-04
03,00022,3,2015-03-17
08,00042,3,2016-01-16
08,00044,3,2015-06-09
04,00044,5,2016-01-04
03,00002,3,2016-03-04
05,00050,5,2015-04-02
02,00043,4,2015-06-17
02,00025,5,2015-12-02
08,00047,4,2015-08-03
06,00037,3,2015-10-13
12,00030,4,2015-11-15
11,00022,1,2015-10-07
10,00007,2,2016-03-09
10,00010,5,2016-04-17
11,00004,4,2013-10-10
12,00047,2,2015-11-15
12,00049,3,2014-12-07
12,00045,4,2015-11-03
13,00001,5,2016-03-15
01,00033,3,2016-02-13
02,00049,5,2014-10-01
15,00001,1,2013-01-01
16,00002,2,2013-02-02
17,00003,3,2013-03-03
18,00004,4,2013-04-04
19,00005,5,2013-05-05
20,00006,1,2013-06-06
21,00007,2,2013-07-07
22,00008,3,2013-08-08
23,00009,4,2013-09-09
24,00010,5,2013-10-10
14,00011,1,2013-11-11
15,00012,2,2013-11-11
16,00013,3,2013-01-02
17,00014,4,2013-03-02
18,00015,5,2013-04-02
19,00016,1,2013-05-02
20,00017,2,2013-06-02
21,00018,3,2013-07-02
22,00019,4,2013-08-02
23,00020,5,2013-09-02
24,00021,1,2013-10-02
14,00022,2,2013-11-02
15,00023,3,2013-12-02
16,00024,4,2013-01-17
17,00025,5,2013-02-17
18,00026,1,2014-03-17
19,00027,2,2014-04-17
20,00028,3,2014-05-17
21,00029,4,2014-06-17
22,00030,5,2014-07-17
23,00031,1,2014-08-17
24,00032,2,2014-09-17
14,00033,3,2014-10-17
15,00034,4,2014-01-22
16,00035,5,2014-02-22
17,00036,1,2014-03-22
18,00037,2,2014-04-22
19,00038,3,2014-05-22
20,00039,4,2014-06-22
21,00040,5,2014-07-22
22,00041,1,2014-08-22
23,00042,2,2014-09-22
24,00043,3,2014-10-22
14,00044,4,2014-11-22
15,00045,5,2014-12-22
16,00046,1,2014-01-08
17,00047,2,2014-02-08
18,00048,3,2014-03-08
19,00049,4,2014-04-08
20,00050,5,2014-05-08
21,00001,1,2015-06-08
22,00002,2,2015-07-08
23,00003,3,2015-08-08
24,00004,4,2015-09-08
14,00005,5,2015-10-08
15,00006,1,2015-11-08
16,00007,2,2015-12-08
17,00008,3,2015-01-13
18,00009,4,2015-02-13
19,00010,5,2015-03-13
20,00011,1,2015-04-13
21,00012,2,2015-05-13
22,00013,3,2015-06-13
23,00014,4,2015-07-13
24,00015,5,2015-08-13
14,00016,1,2015-09-13
15,00017,2,2015-10-13
16,00018,3,2015-11-13
17,00019,4,2015-12-13
18,00020,5,2015-01-20
19,00021,1,2015-02-20
20,00022,2,2015-03-20
21,00023,3,2015-04-20
22,00024,4,2015-05-20
23,00025,5,2015-06-20
24,00026,1,2016-07-20
14,00027,2,2016-08-20
15,00028,3,2016-09-20
16,00029,4,2016-10-20
17,00030,5,2016-11-20
18,00031,1,2016-12-20
19,00032,2,2016-01-04
20,00033,3,2016-02-04
21,00034,4,2016-03-04
22,00035,5,2016-04-04
23,00036,1,2016-05-04
24,00037,2,2016-06-04
14,00038,3,2016-07-04
15,00039,4,2016-08-04
16,00040,5,2016-09-04
17,00041,1,2016-10-04
18,00042,2,2016-11-04
19,00043,3,2016-12-04
20,00044,4,2016-01-12
21,00045,5,2016-02-12
22,00046,1,2016-03-12
23,00047,2,2016-04-12
24,00048,3,2016-05-12
14,00049,4,2016-06-12
15,00050,5,2016-07-12
26,00026,1,2012-02-14
27,00027,2,2013-02-19
28,00028,3,2015-02-12
29,00029,4,2016-02-14
30,00030,5,2012-03-13
31,00031,1,2013-04-20
32,00032,2,2014-05-14
33,00033,3,2015-06-28
34,00034,4,2016-02-11
35,00035,5,2016-02-04
36,00036,1,2016-01-14
37,00037,2,2016-04-14
38,00038,3,2016-04-16
26,00027,4,2012-02-14
27,00028,5,2013-02-19
28,00029,1,2015-02-12
29,00030,2,2016-02-14
30,00031,3,2012-03-13
31,00032,4,2013-04-20
32,00033,5,2014-05-14
33,00034,1,2015-06-28
34,00035,2,2016-02-11
35,00036,3,2016-02-04
36,00037,4,2016-01-14
37,00038,5,2016-04-14
38,00026,1,2016-04-16
26,00028,2,2012-02-14
27,00029,3,2013-02-19
28,00030,4,2015-02-12
29,00031,5,2016-02-14
30,00032,1,2012-03-13
31,00033,2,2013-04-20
32,00034,3,2014-05-14
33,00035,4,2015-06-28
34,00036,5,2016-02-11
35,00037,1,2016-02-04
36,00038,2,2016-01-14
37,00026,3,2016-04-14
38,00027,4,2016-04-16
26,00029,4,2012-02-14
27,00030,5,2013-02-19
28,00031,1,2015-02-12
29,00032,2,2016-02-14
30,00033,3,2012-03-13
31,00034,4,2013-04-20
32,00035,5,2014-05-14
33,00036,1,2015-06-28
34,00037,2,2016-02-11
35,00038,3,2016-02-04
36,00026,4,2016-01-14
37,00027,5,2016-04-14
38,00028,1,2016-04-16
26,00030,4,2012-02-14
27,00031,5,2013-02-19
28,00032,1,2015-02-12
29,00033,2,2016-02-14
30,00034,3,2012-03-13
31,00035,4,2013-04-20
32,00036,5,2014-05-14
33,00037,1,2015-06-28
34,00038,2,2016-02-11
35,00026,3,2016-02-04
36,00027,4,2016-01-14
37,00028,5,2016-04-14
38,00029,1,2016-04-16
26,00031,4,2012-02-14
27,00032,5,2013-02-19
28,00033,1,2015-02-12
29,00034,2,2016-02-14
30,00035,3,2012-03-13
31,00036,4,2013-04-20
32,00037,5,2014-05-14
33,00038,1,2015-06-28
34,00026,2,2016-02-11
35,00027,3,2016-02-04
36,00028,4,2016-01-14
37,00029,5,2016-04-14
38,00030,1,2016-04-16
26,00032,5,2012-02-14
27,00033,4,2013-02-19
28,00034,3,2015-02-12
29,00035,2,2016-02-14
30,00036,1,2012-03-13
31,00037,5,2013-04-20
32,00038,4,2014-05-14
33,00026,3,2015-06-28
34,00027,2,2016-02-11
35,00028,1,2016-02-04
36,00029,5,2016-01-14
37,00030,4,2016-04-14
38,00031,3,2016-04-16
26,00033,2,2012-02-14
27,00034,1,2013-02-19
28,00035,5,2015-02-12
29,00036,4,2016-02-14
30,00037,3,2012-03-13
31,00038,2,2013-04-20
32,00026,1,2014-05-14
33,00027,5,2015-06-28
34,00028,4,2016-02-11
35,00029,3,2016-02-04
36,00030,2,2016-01-14
37,00031,1,2016-04-14
38,00032,5,2016-04-16
26,00034,4,2012-02-14
27,00035,3,2013-02-19
28,00036,2,2015-02-12
29,00037,1,2016-02-14
30,00038,5,2012-03-13
31,00026,4,2013-04-20
32,00027,3,2014-05-14
33,00028,2,2015-06-28
34,00029,1,2016-02-11
35,00030,5,2016-02-04
36,00031,4,2016-01-14
37,00032,3,2016-04-14
38,00033,2,2016-04-16
39,00010,3,2015-02-12
40,00011,1,2012-04-19
41,00010,1,2012-02-11
42,00001,4,2013-03-13
43,00012,2,2013-03-13
44,00014,2,2013-03-13
45,00035,5,2012-12-12
46,00023,4,2016-04-14
47,00025,2,2012-04-17
48,00025,1,2016-04-14
50,00026,3,2016-12-02
39,00010,2,2016-03-19
40,00011,2,2012-04-17
41,00010,3,2016-04-14
42,00011,2,2016-03-19
43,00012,5,2016-03-04
44,00014,4,2016-04-14
45,00035,1,2012-12-12
46,00023,1,2016-01-04
47,00025,1,2016-03-10
48,00025,2,2016-04-14
50,00026,2,2012-12-12
39,00010,2,2016-01-04
40,00041,2,2016-03-10
41,00044,2,2016-04-14
42,00001,2,2016-03-04
43,00012,3,2012-12-12
44,00049,5,2016-01-04
45,00035,3,2016-03-10
46,00023,3,2016-02-18
47,00050,4,2016-02-15
48,00025,4,2012-12-12
50,00026,5,2016-04-14
39,00010,4,2016-03-10
40,00011,3,2016-12-02
41,00050,1,2016-04-14
42,00001,1,2012-04-17
43,00012,1,2016-12-02
44,00024,1,2012-04-17
45,00035,2,2016-03-04
46,00023,2,2012-12-12
47,00027,2,2016-02-07
48,00025,2,2016-12-02
50,00026,4,2012-04-17
39,00010,3,2012-10-10
40,00005,3,2012-01-25
41,00010,3,2012-04-17
42,00001,3,2012-01-25
43,00002,4,2012-12-12
44,00014,4,2016-12-02
45,00035,1,2016-04-14
46,00020,3,2012-10-10
47,00025,2,2012-04-17
48,00035,2,2016-12-02
50,00034,2,2016-03-04
39,00010,3,2016-04-14
40,00011,3,2016-12-02
41,00012,5,2016-02-07
42,00001,4,2016-03-04
43,00015,3,2012-12-12
44,00014,3,2012-10-10
45,00032,3,2016-04-13
46,00023,5,2016-12-02
47,00025,5,2016-04-13
48,00021,1,2016-01-04
50,00026,1,2012-10-10
40,00011,1,2016-04-13
41,00013,2,2016-02-20
42,00001,2,2012-12-12
43,00012,2,2016-04-14
44,00015,3,2012-01-25
45,00035,2,2016-01-04
46,00023,5,2012-01-25
47,00029,3,2016-03-19
48,00025,1,2016-02-20
50,00026,3,2016-03-19
39,00019,3,2016-02-20
40,00011,3,2012-10-10
41,00010,1,2016-01-04
42,00009,3,2016-12-02
43,00012,2,2012-12-12
44,00014,5,2016-12-02
45,00039,4,2016-12-02
46,00029,1,2013-03-02
47,00029,3,2013-03-13
48,00025,3,2012-12-12
50,00023,5,2010-03-10
39,00044,1,2013-03-13
40,00011,3,2012-12-01
41,00012,5,2013-03-13
42,00001,4,2010-03-13
43,00012,3,2013-03-01
44,00011,5,2012-12-12
45,00035,4,2013-03-13
46,00023,3,2013-04-14
47,00048,2,2013-02-12
48,00025,2,2013-03-13
50,00026,5,2013-12-14
39,00010,5,2012-02-13
40,00011,3,2013-03-13